          50
    0.200000     0.019151     0.022816     0.000000     0.001785     0.000824     0.004785     0.000000     0.000967     0.000432     0.000124     0.000000     0.000278     0.000000     0.000005     0.001784     0.000000     0.000880     0.000211     0.000003     0.000034     0.000000     0.000008     0.000000     0.001567     0.003445     0.014552     0.001181     0.000000     0.000453     0.022232     0.017192     0.000000     0.000161     0.000195     0.000000     0.000062     0.000000     0.000034     0.000066     0.000219     0.809013     0.019736     0.000000     0.016711     0.001190     0.002595     0.000000     0.003985     0.000574     0.000464     0.000000     0.000258     0.000000     0.000012     0.000469     0.000000     0.002953     0.000274     0.000008     0.000087     0.000000     0.000009     0.000000     0.000840     0.001975     0.005648     0.001774     0.000000     0.002508     0.012731     0.000996     0.000000     0.002192     0.000717     0.000000     0.000221     0.000000     0.001597     0.000637     0.000354     1.005974
    0.400000     0.038122     0.026011     0.000000     0.000877     0.003075     0.005600     0.000000     0.000488     0.001607     0.000087     0.000000     0.001040     0.000000     0.000006     0.002230     0.000000     0.000603     0.000783     0.000002     0.000016     0.000000     0.000030     0.000000     0.001683     0.003564     0.014992     0.004374     0.000000     0.000413     0.020653     0.014538     0.000000     0.000019     0.000001     0.000000     0.000052     0.000000     0.000088     0.000186     0.000188     0.763589     0.022293     0.000000     0.016773     0.004270     0.003293     0.000000     0.004432     0.002075     0.000806     0.000000     0.000958     0.000000     0.000021     0.000718     0.000000     0.003299     0.000992     0.000007     0.000076     0.000000     0.000032     0.000000     0.001053     0.002406     0.006997     0.006189     0.000000     0.002918     0.015625     0.001139     0.000000     0.001483     0.000944     0.000000     0.000247     0.000000     0.000742     0.000477     0.000203     1.005385
    0.600000     0.070576     0.029113     0.000000     0.000828     0.006055     0.006478     0.000000     0.000121     0.003149     0.000056     0.000000     0.002053     0.000000     0.000010     0.002792     0.000000     0.000373     0.001533     0.000000     0.000003     0.000000     0.000056     0.000000     0.001765     0.003560     0.014919     0.008446     0.000000     0.000916     0.018427     0.010900     0.000000     0.000033     0.000367     0.000000     0.000018     0.000000     0.000156     0.000314     0.000203     0.695545     0.025951     0.000000     0.015819     0.008063     0.004438     0.000000     0.004930     0.003922     0.001379     0.000000     0.001842     0.000000     0.000043     0.001183     0.000000     0.003701     0.001877     0.000006     0.000060     0.000000     0.000058     0.000000     0.001397     0.003089     0.009414     0.011116     0.000000     0.003023     0.019812     0.001629     0.000000     0.001202     0.000774     0.000000     0.000221     0.000000     0.000515     0.000286     0.000106     1.004625
    0.800000     0.110340     0.030847     0.000000     0.002099     0.008912     0.007029     0.000000     0.000098     0.004604     0.000093     0.000000     0.003054     0.000000     0.000022     0.003231     0.000000     0.000319     0.002235     0.000000     0.000002     0.000000     0.000079     0.000000     0.001740     0.003346     0.013998     0.011969     0.000000     0.001945     0.015846     0.007932     0.000000     0.000097     0.000894     0.000000     0.000097     0.000000     0.000289     0.000242     0.000198     0.623145     0.030308     0.000000     0.013731     0.011358     0.005959     0.000000     0.005174     0.005497     0.002002     0.000000     0.002597     0.000000     0.000073     0.001854     0.000000     0.003940     0.002637     0.000004     0.000044     0.000000     0.000078     0.000000     0.001836     0.003936     0.012621     0.014688     0.000000     0.002761     0.024000     0.002172     0.000000     0.000660     0.000578     0.000000     0.000051     0.000000     0.000436     0.000121     0.000078     1.003898
    1.000000     0.153069     0.030644     0.000000     0.004200     0.010952     0.007046     0.000000     0.000392     0.005600     0.000243     0.000000     0.003851     0.000000     0.000048     0.003390     0.000000     0.000429     0.002704     0.000001     0.000010     0.000000     0.000093     0.000000     0.001590     0.002919     0.012130     0.013801     0.000000     0.003063     0.013169     0.005723     0.000000     0.000212     0.001004     0.000000     0.000113     0.000000     0.000266     0.000268     0.000130     0.559966     0.035022     0.000000     0.010782     0.013317     0.007734     0.000000     0.004987     0.006369     0.002432     0.000000     0.002990     0.000000     0.000096     0.002687     0.000000     0.003878     0.003065     0.000003     0.000029     0.000000     0.000086     0.000000     0.002315     0.004831     0.016123     0.015946     0.000000     0.002333     0.027096     0.002431     0.000000     0.000262     0.000482     0.000000     0.000027     0.000000     0.000282     0.000026     0.000034     1.002689
    1.200000     0.202440     0.028554     0.000000     0.006400     0.012037     0.006528     0.000000     0.000892     0.006060     0.000514     0.000000     0.004385     0.000000     0.000087     0.003251     0.000000     0.000660     0.002901     0.000001     0.000020     0.000000     0.000096     0.000000     0.001340     0.002344     0.009629     0.013968     0.000000     0.003869     0.010327     0.004087     0.000000     0.000389     0.000869     0.000000     0.000108     0.000000     0.000266     0.000225     0.000084     0.507164     0.039436     0.000000     0.007430     0.013681     0.009513     0.000000     0.004391     0.006423     0.002540     0.000000     0.002973     0.000000     0.000105     0.003590     0.000000     0.003519     0.003102     0.000002     0.000018     0.000000     0.000082     0.000000     0.002756     0.005606     0.019280     0.014921     0.000000     0.001988     0.028053     0.002216     0.000000     0.000024     0.000291     0.000000     0.000009     0.000000     0.000178     0.000014     0.000020     1.001653
    1.400000     0.260794     0.025266     0.000000     0.008177     0.012338     0.005674     0.000000     0.001462     0.006075     0.000878     0.000000     0.004674     0.000000     0.000130     0.002902     0.000000     0.000938     0.002872     0.000002     0.000029     0.000000     0.000093     0.000000     0.001052     0.001739     0.006961     0.012908     0.000000     0.004268     0.007783     0.002951     0.000000     0.000598     0.000654     0.000000     0.000108     0.000000     0.000221     0.000123     0.000033     0.459356     0.042620     0.000000     0.004387     0.012767     0.010981     0.000000     0.003577     0.005845     0.002355     0.000000     0.002650     0.000000     0.000100     0.004413     0.000000     0.002982     0.002832     0.000002     0.000011     0.000000     0.000070     0.000000     0.003078     0.006113     0.021448     0.012447     0.000000     0.001945     0.027089     0.001649     0.000000     0.000002     0.000115     0.000000     0.000006     0.000000     0.000108     0.000008     0.000009     1.000668
    1.600000     0.327561     0.021677     0.000000     0.009363     0.012128     0.004743     0.000000     0.001993     0.005802     0.001254     0.000000     0.004775     0.000000     0.000171     0.002478     0.000000     0.001206     0.002702     0.000003     0.000036     0.000000     0.000086     0.000000     0.000785     0.001210     0.004614     0.011230     0.000000     0.004200     0.005667     0.002291     0.000000     0.000857     0.000452     0.000000     0.000064     0.000000     0.000144     0.000059     0.000015     0.411864     0.043988     0.000000     0.002154     0.011136     0.011916     0.000000     0.002733     0.004925     0.001992     0.000000     0.002158     0.000000     0.000086     0.005026     0.000000     0.002389     0.002396     0.000001     0.000009     0.000000     0.000056     0.000000     0.003233     0.006281     0.022280     0.009503     0.000000     0.002251     0.024633     0.001097     0.000000     0.000006     0.000029     0.000000     0.000000     0.000000     0.000046     0.000011     0.000008     0.999773
    1.800000     0.399959     0.018352     0.000000     0.010000     0.011656     0.003906     0.000000     0.002427     0.005382     0.001578     0.000000     0.004748     0.000000     0.000208     0.002077     0.000000     0.001428     0.002461     0.000003     0.000042     0.000000     0.000078     0.000000     0.000572     0.000805     0.002808     0.009380     0.000000     0.003775     0.004030     0.001807     0.000000     0.001106     0.000295     0.000000     0.000037     0.000000     0.000083     0.000022     0.000004     0.362997     0.043498     0.000000     0.000834     0.009277     0.012260     0.000000     0.001999     0.003909     0.001555     0.000000     0.001617     0.000000     0.000068     0.005371     0.000000     0.001834     0.001911     0.000001     0.000010     0.000000     0.000041     0.000000     0.003220     0.006130     0.021812     0.006739     0.000000     0.002839     0.021497     0.000637     0.000000     0.000002     0.000003     0.000000     0.000001     0.000000     0.000021     0.000013     0.000005     0.999135
    2.000000     0.474009     0.015550     0.000000     0.010217     0.011080     0.003240     0.000000     0.002738     0.004910     0.001810     0.000000     0.004639     0.000000     0.000244     0.001750     0.000000     0.001588     0.002200     0.000004     0.000047     0.000000     0.000069     0.000000     0.000421     0.000529     0.001572     0.007627     0.000000     0.003124     0.002814     0.001396     0.000000     0.001305     0.000185     0.000000     0.000024     0.000000     0.000048     0.000009     0.000001     0.313398     0.041439     0.000000     0.000305     0.007519     0.012070     0.000000     0.001448     0.002967     0.001137     0.000000     0.001115     0.000000     0.000049     0.005454     0.000000     0.001378     0.001458     0.000001     0.000013     0.000000     0.000028     0.000000     0.003070     0.005732     0.020347     0.004493     0.000000     0.003563     0.018202     0.000334     0.000000     0.000001     0.000001     0.000000     0.000001     0.000000     0.000013     0.000014     0.000003     0.998703
    2.200000     0.545984     0.013317     0.000000     0.010155     0.010464     0.002754     0.000000     0.002930     0.004437     0.001944     0.000000     0.004479     0.000000     0.000281     0.001508     0.000000     0.001686     0.001945     0.000004     0.000051     0.000000     0.000062     0.000000     0.000324     0.000360     0.000814     0.006088     0.000000     0.002396     0.001936     0.001033     0.000000     0.001393     0.000110     0.000000     0.000015     0.000000     0.000026     0.000003     0.000000     0.264919     0.038246     0.000000     0.000341     0.006029     0.011461     0.000000     0.001093     0.002184     0.000794     0.000000     0.000701     0.000000     0.000035     0.005316     0.000000     0.001043     0.001079     0.000001     0.000017     0.000000     0.000018     0.000000     0.002824     0.005174     0.018244     0.002857     0.000000     0.004281     0.015078     0.000174     0.000000     0.000011     0.000003     0.000000     0.000003     0.000000     0.000009     0.000009     0.000001     0.998444
    2.400000     0.613143     0.011568     0.000000     0.009912     0.009823     0.002416     0.000000     0.003018     0.003982     0.001993     0.000000     0.004284     0.000000     0.000319     0.001340     0.000000     0.001728     0.001704     0.000004     0.000053     0.000000     0.000055     0.000000     0.000268     0.000268     0.000398     0.004782     0.000000     0.001712     0.001315     0.000718     0.000000     0.001358     0.000061     0.000000     0.000009     0.000000     0.000014     0.000001     0.000000     0.219451     0.034374     0.000000     0.000708     0.004856     0.010565     0.000000     0.000908     0.001585     0.000551     0.000000     0.000394     0.000000     0.000026     0.005014     0.000000     0.000825     0.000786     0.000002     0.000022     0.000000     0.000011     0.000000     0.002522     0.004536     0.015834     0.001777     0.000000     0.004883     0.012292     0.000100     0.000000     0.000022     0.000003     0.000000     0.000003     0.000000     0.000008     0.000005     0.000001     0.998310
    2.600000     0.673851     0.010173     0.000000     0.009544     0.009156     0.002181     0.000000     0.003022     0.003551     0.001981     0.000000     0.004057     0.000000     0.000356     0.001224     0.000000     0.001721     0.001483     0.000004     0.000054     0.000000     0.000049     0.000000     0.000237     0.000223     0.000200     0.003690     0.000000     0.001146     0.000882     0.000468     0.000000     0.001208     0.000042     0.000000     0.000005     0.000000     0.000007     0.000000     0.000000     0.178396     0.030209     0.000000     0.001208     0.003976     0.009504     0.000000     0.000849     0.001158     0.000403     0.000000     0.000191     0.000000     0.000022     0.004605     0.000000     0.000700     0.000575     0.000002     0.000026     0.000000     0.000006     0.000000     0.002198     0.003883     0.013380     0.001133     0.000000     0.005312     0.009912     0.000067     0.000000     0.000026     0.000004     0.000000     0.000001     0.000000     0.000007     0.000002     0.000000     0.998271
    2.800000     0.727402     0.009010     0.000000     0.009089     0.008467     0.002005     0.000000     0.002956     0.003144     0.001926     0.000000     0.003800     0.000000     0.000389     0.001138     0.000000     0.001676     0.001280     0.000004     0.000054     0.000000     0.000043     0.000000     0.000219     0.000203     0.000124     0.002788     0.000000     0.000724     0.000584     0.000286     0.000000     0.000984     0.000046     0.000000     0.000003     0.000000     0.000004     0.000000     0.000000     0.142564     0.026042     0.000000     0.001700     0.003330     0.008376     0.000000     0.000866     0.000870     0.000333     0.000000     0.000074     0.000000     0.000023     0.004138     0.000000     0.000641     0.000430     0.000002     0.000030     0.000000     0.000004     0.000000     0.001878     0.003257     0.011059     0.000791     0.000000     0.005544     0.007933     0.000049     0.000000     0.000021     0.000008     0.000000     0.000000     0.000000     0.000005     0.000001     0.000000     0.998318
    3.000000     0.773739     0.007991     0.000000     0.008571     0.007774     0.001854     0.000000     0.002835     0.002766     0.001838     0.000000     0.003515     0.000000     0.000412     0.001062     0.000000     0.001600     0.001097     0.000005     0.000053     0.000000     0.000039     0.000000     0.000206     0.000194     0.000108     0.002061     0.000000     0.000437     0.000380     0.000164     0.000000     0.000742     0.000056     0.000000     0.000002     0.000000     0.000002     0.000000     0.000000     0.112203     0.022078     0.000000     0.002102     0.002853     0.007251     0.000000     0.000915     0.000685     0.000312     0.000000     0.000021     0.000000     0.000025     0.003647     0.000000     0.000619     0.000335     0.000002     0.000033     0.000000     0.000003     0.000000     0.001576     0.002686     0.008973     0.000638     0.000000     0.005580     0.006309     0.000037     0.000000     0.000012     0.000011     0.000000     0.000001     0.000000     0.000003     0.000001     0.000000     0.998413
    3.200000     0.813245     0.007061     0.000000     0.008010     0.007103     0.001708     0.000000     0.002669     0.002419     0.001724     0.000000     0.003209     0.000000     0.000424     0.000986     0.000000     0.001497     0.000935     0.000005     0.000051     0.000000     0.000034     0.000000     0.000194     0.000186     0.000114     0.001501     0.000000     0.000255     0.000244     0.000089     0.000000     0.000525     0.000057     0.000000     0.000002     0.000000     0.000002     0.000000     0.000000     0.087142     0.018440     0.000000     0.002375     0.002491     0.006176     0.000000     0.000963     0.000570     0.000317     0.000000     0.000008     0.000000     0.000027     0.003160     0.000000     0.000614     0.000274     0.000003     0.000034     0.000000     0.000002     0.000000     0.001303     0.002182     0.007166     0.000593     0.000000     0.005433     0.004976     0.000030     0.000000     0.000005     0.000010     0.000000     0.000001     0.000000     0.000001     0.000001     0.000000     0.998549
    3.400000     0.846530     0.006191     0.000000     0.007427     0.006479     0.001556     0.000000     0.002471     0.002108     0.001592     0.000000     0.002890     0.000000     0.000423     0.000904     0.000000     0.001376     0.000794     0.000005     0.000049     0.000000     0.000030     0.000000     0.000179     0.000175     0.000122     0.001086     0.000000     0.000150     0.000153     0.000050     0.000000     0.000353     0.000050     0.000000     0.000001     0.000000     0.000001     0.000000     0.000000     0.066901     0.015192     0.000000     0.002516     0.002205     0.005182     0.000000     0.000992     0.000500     0.000330     0.000000     0.000018     0.000000     0.000030     0.002694     0.000000     0.000609     0.000236     0.000003     0.000034     0.000000     0.000002     0.000000     0.001063     0.001749     0.005645     0.000606     0.000000     0.005134     0.003884     0.000026     0.000000     0.000002     0.000007     0.000000     0.000000     0.000000     0.000000     0.000001     0.000000     0.998706
    3.600000     0.874334     0.005374     0.000000     0.006844     0.005909     0.001396     0.000000     0.002254     0.001831     0.001447     0.000000     0.002567     0.000000     0.000410     0.000815     0.000000     0.001245     0.000672     0.000005     0.000045     0.000000     0.000027     0.000000     0.000162     0.000161     0.000123     0.000788     0.000000     0.000096     0.000094     0.000033     0.000000     0.000226     0.000039     0.000000     0.000001     0.000000     0.000001     0.000000     0.000000     0.050836     0.012356     0.000000     0.002543     0.001970     0.004287     0.000000     0.000992     0.000457     0.000338     0.000000     0.000037     0.000000     0.000031     0.002263     0.000000     0.000596     0.000212     0.000003     0.000033     0.000000     0.000003     0.000000     0.000856     0.001385     0.004393     0.000642     0.000000     0.004721     0.002993     0.000022     0.000000     0.000000     0.000003     0.000000     0.000000     0.000000     0.000000     0.000000     0.000000     0.998873
    3.800000     0.897395     0.004613     0.000000     0.006278     0.005392     0.001231     0.000000     0.002030     0.001586     0.001297     0.000000     0.002251     0.000000     0.000388     0.000722     0.000000     0.001112     0.000568     0.000005     0.000042     0.000000     0.000023     0.000000     0.000144     0.000143     0.000116     0.000580     0.000000     0.000071     0.000055     0.000027     0.000000     0.000140     0.000029     0.000000     0.000000     0.000000     0.000000     0.000000     0.000000     0.038275     0.009928     0.000000     0.002479     0.001765     0.003499     0.000000     0.000965     0.000427     0.000338     0.000000     0.000056     0.000000     0.000031     0.001874     0.000000     0.000573     0.000195     0.000003     0.000031     0.000000     0.000003     0.000000     0.000681     0.001084     0.003379     0.000680     0.000000     0.004239     0.002276     0.000018     0.000000     0.000000     0.000001     0.000000     0.000000     0.000000     0.000000     0.000000     0.000000     0.999038
    4.000000     0.916411     0.003916     0.000000     0.005738     0.004924     0.001068     0.000000     0.001808     0.001370     0.001148     0.000000     0.001949     0.000000     0.000359     0.000628     0.000000     0.000981     0.000480     0.000005     0.000038     0.000000     0.000020     0.000000     0.000124     0.000125     0.000104     0.000436     0.000000     0.000062     0.000031     0.000024     0.000000     0.000083     0.000020     0.000000     0.000000     0.000000     0.000000     0.000000     0.000000     0.028574     0.007886     0.000000     0.002350     0.001580     0.002819     0.000000     0.000914     0.000402     0.000328     0.000000     0.000072     0.000000     0.000030     0.001531     0.000000     0.000540     0.000181     0.000003     0.000028     0.000000     0.000003     0.000000     0.000535     0.000839     0.002573     0.000703     0.000000     0.003726     0.001709     0.000014     0.000000     0.000000     0.000000     0.000000     0.000000     0.000000     0.000000     0.000000     0.000000     0.999194
    4.200000     0.932004     0.003289     0.000000     0.005229     0.004498     0.000911     0.000000     0.001595     0.001181     0.001005     0.000000     0.001670     0.000000     0.000326     0.000538     0.000000     0.000856     0.000404     0.000005     0.000034     0.000000     0.000017     0.000000     0.000105     0.000105     0.000088     0.000337     0.000000     0.000060     0.000016     0.000022     0.000000     0.000048     0.000012     0.000000     0.000000     0.000000     0.000000     0.000000     0.000000     0.021171     0.006198     0.000000     0.002179     0.001408     0.002245     0.000000     0.000846     0.000376     0.000309     0.000000     0.000083     0.000000     0.000028     0.001236     0.000000     0.000499     0.000168     0.000003     0.000025     0.000000     0.000003     0.000000     0.000417     0.000643     0.001942     0.000704     0.000000     0.003216     0.001270     0.000010     0.000000     0.000001     0.000000     0.000000     0.000000     0.000000     0.000000     0.000000     0.000000     0.999337
    4.400000     0.944737     0.002737     0.000000     0.004750     0.004107     0.000766     0.000000     0.001394     0.001016     0.000871     0.000000     0.001419     0.000000     0.000291     0.000454     0.000000     0.000741     0.000341     0.000004     0.000029     0.000000     0.000014     0.000000     0.000087     0.000087     0.000072     0.000267     0.000000     0.000059     0.000008     0.000019     0.000000     0.000028     0.000007     0.000000     0.000000     0.000000     0.000000     0.000000     0.000000     0.015575     0.004824     0.000000     0.001985     0.001245     0.001767     0.000000     0.000767     0.000349     0.000286     0.000000     0.000088     0.000000     0.000026     0.000987     0.000000     0.000453     0.000155     0.000003     0.000022     0.000000     0.000003     0.000000     0.000321     0.000488     0.001456     0.000681     0.000000     0.002731     0.000937     0.000007     0.000000     0.000001     0.000000     0.000000     0.000000     0.000000     0.000000     0.000000     0.000000     0.999461
    4.600000     0.955103     0.002260     0.000000     0.004302     0.003744     0.000635     0.000000     0.001209     0.000873     0.000748     0.000000     0.001196     0.000000     0.000257     0.000378     0.000000     0.000636     0.000287     0.000004     0.000026     0.000000     0.000012     0.000000     0.000071     0.000071     0.000056     0.000216     0.000000     0.000058     0.000004     0.000015     0.000000     0.000016     0.000004     0.000000     0.000000     0.000000     0.000000     0.000000     0.000000     0.011384     0.003720     0.000000     0.001780     0.001092     0.001377     0.000000     0.000682     0.000318     0.000259     0.000000     0.000090     0.000000     0.000023     0.000780     0.000000     0.000404     0.000140     0.000002     0.000019     0.000000     0.000003     0.000000     0.000245     0.000368     0.001085     0.000635     0.000000     0.002288     0.000689     0.000005     0.000000     0.000001     0.000000     0.000000     0.000000     0.000000     0.000000     0.000000     0.000000     0.999570
    4.800000     0.963511     0.001854     0.000000     0.003882     0.003407     0.000521     0.000000     0.001042     0.000749     0.000638     0.000000     0.001004     0.000000     0.000225     0.000312     0.000000     0.000542     0.000242     0.000003     0.000022     0.000000     0.000010     0.000000     0.000058     0.000057     0.000043     0.000177     0.000000     0.000056     0.000003     0.000011     0.000000     0.000009     0.000002     0.000000     0.000000     0.000000     0.000000     0.000000     0.000000     0.008272     0.002844     0.000000     0.001575     0.000950     0.001063     0.000000     0.000597     0.000286     0.000231     0.000000     0.000088     0.000000     0.000020     0.000611     0.000000     0.000354     0.000124     0.000002     0.000016     0.000000     0.000002     0.000000     0.000186     0.000275     0.000805     0.000572     0.000000     0.001896     0.000506     0.000003     0.000000     0.000001     0.000000     0.000000     0.000000     0.000000     0.000000     0.000000     0.000000     0.999659
    5.000000     0.970321     0.001514     0.000000     0.003490     0.003092     0.000423     0.000000     0.000892     0.000641     0.000541     0.000000     0.000839     0.000000     0.000195     0.000254     0.000000     0.000459     0.000203     0.000003     0.000019     0.000000     0.000008     0.000000     0.000046     0.000045     0.000032     0.000146     0.000000     0.000053     0.000003     0.000007     0.000000     0.000005     0.000001     0.000000     0.000000     0.000000     0.000000     0.000000     0.000000     0.005977     0.002157     0.000000     0.001377     0.000820     0.000814     0.000000     0.000515     0.000253     0.000204     0.000000     0.000084     0.000000     0.000017     0.000475     0.000000     0.000307     0.000109     0.000002     0.000013     0.000000     0.000002     0.000000     0.000140     0.000204     0.000596     0.000499     0.000000     0.001558     0.000374     0.000002     0.000000     0.000000     0.000000     0.000000     0.000000     0.000000     0.000000     0.000000     0.000000     0.999732
    5.200000     0.975830     0.001232     0.000000     0.003124     0.002796     0.000341     0.000000     0.000760     0.000548     0.000457     0.000000     0.000700     0.000000     0.000169     0.000206     0.000000     0.000387     0.000171     0.000002     0.000016     0.000000     0.000007     0.000000     0.000036     0.000035     0.000023     0.000120     0.000000     0.000049     0.000004     0.000005     0.000000     0.000003     0.000000     0.000000     0.000000     0.000000     0.000000     0.000000     0.000000     0.004299     0.001624     0.000000     0.001190     0.000702     0.000618     0.000000     0.000439     0.000220     0.000178     0.000000     0.000079     0.000000     0.000015     0.000367     0.000000     0.000263     0.000094     0.000001     0.000010     0.000000     0.000002     0.000000     0.000105     0.000151     0.000440     0.000423     0.000000     0.001272     0.000278     0.000001     0.000000     0.000000     0.000000     0.000000     0.000000     0.000000     0.000000     0.000000     0.000000     0.999791
    5.400000     0.980285     0.001000     0.000000     0.002784     0.002519     0.000273     0.000000     0.000645     0.000468     0.000384     0.000000     0.000583     0.000000     0.000145     0.000165     0.000000     0.000325     0.000144     0.000002     0.000013     0.000000     0.000006     0.000000     0.000029     0.000027     0.000017     0.000098     0.000000     0.000045     0.000005     0.000003     0.000000     0.000002     0.000000     0.000000     0.000000     0.000000     0.000000     0.000000     0.000000     0.003077     0.001215     0.000000     0.001018     0.000597     0.000466     0.000000     0.000370     0.000188     0.000155     0.000000     0.000073     0.000000     0.000013     0.000281     0.000000     0.000222     0.000080     0.000001     0.000008     0.000000     0.000001     0.000000     0.000078     0.000111     0.000325     0.000349     0.000000     0.001034     0.000209     0.000001     0.000000     0.000000     0.000000     0.000000     0.000000     0.000000     0.000000     0.000000     0.000000     0.999838
    5.600000     0.983891     0.000811     0.000000     0.002470     0.002260     0.000217     0.000000     0.000545     0.000399     0.000322     0.000000     0.000486     0.000000     0.000125     0.000132     0.000000     0.000271     0.000121     0.000002     0.000011     0.000000     0.000004     0.000000     0.000022     0.000021     0.000012     0.000079     0.000000     0.000040     0.000005     0.000002     0.000000     0.000001     0.000000     0.000000     0.000000     0.000000     0.000000     0.000000     0.000000     0.002194     0.000903     0.000000     0.000862     0.000503     0.000349     0.000000     0.000309     0.000159     0.000133     0.000000     0.000067     0.000000     0.000011     0.000215     0.000000     0.000186     0.000067     0.000001     0.000007     0.000000     0.000001     0.000000     0.000058     0.000081     0.000240     0.000281     0.000000     0.000837     0.000159     0.000000     0.000000     0.000000     0.000000     0.000000     0.000000     0.000000     0.000000     0.000000     0.000000     0.999874
    5.800000     0.986813     0.000657     0.000000     0.002183     0.002018     0.000172     0.000000     0.000458     0.000339     0.000269     0.000000     0.000406     0.000000     0.000107     0.000105     0.000000     0.000226     0.000102     0.000001     0.000009     0.000000     0.000004     0.000000     0.000017     0.000016     0.000009     0.000063     0.000000     0.000036     0.000005     0.000001     0.000000     0.000001     0.000000     0.000000     0.000000     0.000000     0.000000     0.000000     0.000000     0.001558     0.000668     0.000000     0.000723     0.000422     0.000260     0.000000     0.000256     0.000134     0.000114     0.000000     0.000061     0.000000     0.000010     0.000163     0.000000     0.000155     0.000055     0.000001     0.000005     0.000000     0.000001     0.000000     0.000043     0.000059     0.000177     0.000223     0.000000     0.000676     0.000122     0.000000     0.000000     0.000000     0.000000     0.000000     0.000000     0.000000     0.000000     0.000000     0.000000     0.999902
    6.000000     0.989185     0.000532     0.000000     0.001920     0.001795     0.000136     0.000000     0.000385     0.000288     0.000225     0.000000     0.000339     0.000000     0.000092     0.000084     0.000000     0.000188     0.000086     0.000001     0.000007     0.000000     0.000003     0.000000     0.000013     0.000012     0.000006     0.000049     0.000000     0.000031     0.000005     0.000001     0.000000     0.000000     0.000000     0.000000     0.000000     0.000000     0.000000     0.000000     0.000000     0.001103     0.000492     0.000000     0.000601     0.000351     0.000193     0.000000     0.000210     0.000111     0.000098     0.000000     0.000055     0.000000     0.000008     0.000123     0.000000     0.000127     0.000045     0.000001     0.000004     0.000000     0.000001     0.000000     0.000031     0.000043     0.000130     0.000173     0.000000     0.000544     0.000095     0.000000     0.000000     0.000000     0.000000     0.000000     0.000000     0.000000     0.000000     0.000000     0.000000     0.999924
    6.200000     0.991116     0.000432     0.000000     0.001683     0.001588     0.000108     0.000000     0.000321     0.000244     0.000188     0.000000     0.000283     0.000000     0.000079     0.000067     0.000000     0.000156     0.000072     0.000001     0.000006     0.000000     0.000002     0.000000     0.000010     0.000009     0.000004     0.000038     0.000000     0.000027     0.000005     0.000000     0.000000     0.000000     0.000000     0.000000     0.000000     0.000000     0.000000     0.000000     0.000000     0.000778     0.000361     0.000000     0.000496     0.000291     0.000142     0.000000     0.000171     0.000091     0.000083     0.000000     0.000049     0.000000     0.000007     0.000093     0.000000     0.000104     0.000037     0.000000     0.000003     0.000000     0.000000     0.000000     0.000023     0.000031     0.000095     0.000133     0.000000     0.000437     0.000074     0.000000     0.000000     0.000000     0.000000     0.000000     0.000000     0.000000     0.000000     0.000000     0.000000     0.999941
    6.400000     0.992691     0.000350     0.000000     0.001469     0.001400     0.000085     0.000000     0.000268     0.000206     0.000156     0.000000     0.000237     0.000000     0.000068     0.000053     0.000000     0.000129     0.000060     0.000001     0.000005     0.000000     0.000002     0.000000     0.000008     0.000007     0.000003     0.000029     0.000000     0.000023     0.000004     0.000000     0.000000     0.000000     0.000000     0.000000     0.000000     0.000000     0.000000     0.000000     0.000000     0.000547     0.000264     0.000000     0.000406     0.000239     0.000105     0.000000     0.000138     0.000074     0.000070     0.000000     0.000043     0.000000     0.000007     0.000070     0.000000     0.000085     0.000030     0.000000     0.000002     0.000000     0.000000     0.000000     0.000017     0.000022     0.000070     0.000102     0.000000     0.000350     0.000058     0.000000     0.000000     0.000000     0.000000     0.000000     0.000000     0.000000     0.000000     0.000000     0.000000     0.999953
    6.600000     0.993980     0.000285     0.000000     0.001278     0.001228     0.000067     0.000000     0.000223     0.000173     0.000130     0.000000     0.000199     0.000000     0.000059     0.000042     0.000000     0.000106     0.000051     0.000001     0.000004     0.000000     0.000001     0.000000     0.000006     0.000005     0.000002     0.000022     0.000000     0.000019     0.000003     0.000000     0.000000     0.000000     0.000000     0.000000     0.000000     0.000000     0.000000     0.000000     0.000000     0.000384     0.000192     0.000000     0.000330     0.000195     0.000077     0.000000     0.000111     0.000060     0.000059     0.000000     0.000038     0.000000     0.000006     0.000052     0.000000     0.000068     0.000024     0.000000     0.000002     0.000000     0.000000     0.000000     0.000012     0.000016     0.000051     0.000077     0.000000     0.000279     0.000046     0.000000     0.000000     0.000000     0.000000     0.000000     0.000000     0.000000     0.000000     0.000000     0.000000     0.999963
    6.800000     0.995035     0.000232     0.000000     0.001108     0.001074     0.000053     0.000000     0.000184     0.000145     0.000108     0.000000     0.000167     0.000000     0.000051     0.000033     0.000000     0.000087     0.000042     0.000001     0.000003     0.000000     0.000001     0.000000     0.000005     0.000004     0.000002     0.000017     0.000000     0.000016     0.000003     0.000000     0.000000     0.000000     0.000000     0.000000     0.000000     0.000000     0.000000     0.000000     0.000000     0.000268     0.000140     0.000000     0.000266     0.000158     0.000056     0.000000     0.000089     0.000049     0.000049     0.000000     0.000034     0.000000     0.000005     0.000039     0.000000     0.000055     0.000019     0.000000     0.000001     0.000000     0.000000     0.000000     0.000009     0.000011     0.000037     0.000058     0.000000     0.000222     0.000036     0.000000     0.000000     0.000000     0.000000     0.000000     0.000000     0.000000     0.000000     0.000000     0.000000     0.999971
    7.000000     0.995901     0.000188     0.000000     0.000957     0.000936     0.000041     0.000000     0.000152     0.000122     0.000090     0.000000     0.000140     0.000000     0.000044     0.000026     0.000000     0.000071     0.000035     0.000000     0.000003     0.000000     0.000001     0.000000     0.000004     0.000003     0.000001     0.000013     0.000000     0.000013     0.000002     0.000000     0.000000     0.000000     0.000000     0.000000     0.000000     0.000000     0.000000     0.000000     0.000000     0.000187     0.000101     0.000000     0.000214     0.000128     0.000041     0.000000     0.000071     0.000039     0.000041     0.000000     0.000029     0.000000     0.000005     0.000029     0.000000     0.000043     0.000015     0.000000     0.000001     0.000000     0.000000     0.000000     0.000006     0.000008     0.000027     0.000044     0.000000     0.000175     0.000028     0.000000     0.000000     0.000000     0.000000     0.000000     0.000000     0.000000     0.000000     0.000000     0.000000     0.999977
    7.200000     0.996614     0.000153     0.000000     0.000825     0.000813     0.000033     0.000000     0.000125     0.000102     0.000075     0.000000     0.000118     0.000000     0.000038     0.000021     0.000000     0.000058     0.000029     0.000000     0.000002     0.000000     0.000001     0.000000     0.000003     0.000002     0.000001     0.000010     0.000000     0.000011     0.000002     0.000000     0.000000     0.000000     0.000000     0.000000     0.000000     0.000000     0.000000     0.000000     0.000000     0.000130     0.000073     0.000000     0.000170     0.000103     0.000029     0.000000     0.000056     0.000031     0.000034     0.000000     0.000025     0.000000     0.000004     0.000021     0.000000     0.000034     0.000012     0.000000     0.000001     0.000000     0.000000     0.000000     0.000005     0.000006     0.000019     0.000033     0.000000     0.000138     0.000022     0.000000     0.000000     0.000000     0.000000     0.000000     0.000000     0.000000     0.000000     0.000000     0.000000     0.999982
    7.400000     0.997201     0.000125     0.000000     0.000709     0.000704     0.000026     0.000000     0.000103     0.000085     0.000062     0.000000     0.000099     0.000000     0.000033     0.000016     0.000000     0.000047     0.000024     0.000000     0.000002     0.000000     0.000001     0.000000     0.000002     0.000002     0.000001     0.000007     0.000000     0.000008     0.000001     0.000000     0.000000     0.000000     0.000000     0.000000     0.000000     0.000000     0.000000     0.000000     0.000000     0.000090     0.000053     0.000000     0.000135     0.000082     0.000021     0.000000     0.000044     0.000025     0.000028     0.000000     0.000022     0.000000     0.000004     0.000016     0.000000     0.000027     0.000010     0.000000     0.000001     0.000000     0.000000     0.000000     0.000003     0.000004     0.000014     0.000025     0.000000     0.000108     0.000017     0.000000     0.000000     0.000000     0.000000     0.000000     0.000000     0.000000     0.000000     0.000000     0.000000     0.999985
    7.600000     0.997685     0.000102     0.000000     0.000608     0.000608     0.000020     0.000000     0.000085     0.000071     0.000052     0.000000     0.000083     0.000000     0.000028     0.000013     0.000000     0.000038     0.000020     0.000000     0.000001     0.000000     0.000000     0.000000     0.000002     0.000001     0.000001     0.000005     0.000000     0.000007     0.000001     0.000000     0.000000     0.000000     0.000000     0.000000     0.000000     0.000000     0.000000     0.000000     0.000000     0.000063     0.000038     0.000000     0.000106     0.000065     0.000015     0.000000     0.000034     0.000020     0.000023     0.000000     0.000018     0.000000     0.000003     0.000011     0.000000     0.000021     0.000008     0.000000     0.000000     0.000000     0.000000     0.000000     0.000002     0.000003     0.000010     0.000019     0.000000     0.000084     0.000013     0.000000     0.000000     0.000000     0.000000     0.000000     0.000000     0.000000     0.000000     0.000000     0.000000     0.999988
    7.800000     0.998084     0.000083     0.000000     0.000521     0.000524     0.000016     0.000000     0.000069     0.000059     0.000043     0.000000     0.000070     0.000000     0.000024     0.000010     0.000000     0.000031     0.000016     0.000000     0.000001     0.000000     0.000000     0.000000     0.000001     0.000001     0.000000     0.000004     0.000000     0.000005     0.000001     0.000000     0.000000     0.000000     0.000000     0.000000     0.000000     0.000000     0.000000     0.000000     0.000000     0.000043     0.000027     0.000000     0.000083     0.000052     0.000011     0.000000     0.000026     0.000016     0.000019     0.000000     0.000016     0.000000     0.000003     0.000008     0.000000     0.000016     0.000006     0.000000     0.000000     0.000000     0.000000     0.000000     0.000002     0.000002     0.000007     0.000014     0.000000     0.000065     0.000010     0.000000     0.000000     0.000000     0.000000     0.000000     0.000000     0.000000     0.000000     0.000000     0.000000     0.999991
    8.000000     0.998414     0.000068     0.000000     0.000445     0.000450     0.000013     0.000000     0.000056     0.000048     0.000036     0.000000     0.000058     0.000000     0.000021     0.000008     0.000000     0.000025     0.000014     0.000000     0.000001     0.000000     0.000000     0.000000     0.000001     0.000001     0.000000     0.000003     0.000000     0.000004     0.000000     0.000000     0.000000     0.000000     0.000000     0.000000     0.000000     0.000000     0.000000     0.000000     0.000000     0.000030     0.000020     0.000000     0.000065     0.000041     0.000008     0.000000     0.000020     0.000012     0.000015     0.000000     0.000013     0.000000     0.000002     0.000006     0.000000     0.000013     0.000005     0.000000     0.000000     0.000000     0.000000     0.000000     0.000001     0.000001     0.000005     0.000011     0.000000     0.000050     0.000007     0.000000     0.000000     0.000000     0.000000     0.000000     0.000000     0.000000     0.000000     0.000000     0.000000     0.999992
    8.200000     0.998686     0.000055     0.000000     0.000379     0.000387     0.000010     0.000000     0.000046     0.000040     0.000030     0.000000     0.000049     0.000000     0.000018     0.000006     0.000000     0.000020     0.000011     0.000000     0.000001     0.000000     0.000000     0.000000     0.000001     0.000001     0.000000     0.000002     0.000000     0.000003     0.000000     0.000000     0.000000     0.000000     0.000000     0.000000     0.000000     0.000000     0.000000     0.000000     0.000000     0.000021     0.000014     0.000000     0.000051     0.000032     0.000006     0.000000     0.000016     0.000010     0.000012     0.000000     0.000011     0.000000     0.000002     0.000004     0.000000     0.000010     0.000004     0.000000     0.000000     0.000000     0.000000     0.000000     0.000001     0.000001     0.000004     0.000008     0.000000     0.000038     0.000005     0.000000     0.000000     0.000000     0.000000     0.000000     0.000000     0.000000     0.000000     0.000000     0.000000     0.999994
    8.400000     0.998911     0.000045     0.000000     0.000323     0.000331     0.000008     0.000000     0.000037     0.000033     0.000024     0.000000     0.000041     0.000000     0.000015     0.000005     0.000000     0.000016     0.000009     0.000000     0.000001     0.000000     0.000000     0.000000     0.000001     0.000000     0.000000     0.000002     0.000000     0.000002     0.000000     0.000000     0.000000     0.000000     0.000000     0.000000     0.000000     0.000000     0.000000     0.000000     0.000000     0.000014     0.000010     0.000000     0.000039     0.000025     0.000004     0.000000     0.000012     0.000007     0.000010     0.000000     0.000009     0.000000     0.000002     0.000003     0.000000     0.000008     0.000003     0.000000     0.000000     0.000000     0.000000     0.000000     0.000001     0.000001     0.000003     0.000006     0.000000     0.000029     0.000004     0.000000     0.000000     0.000000     0.000000     0.000000     0.000000     0.000000     0.000000     0.000000     0.000000     0.999995
    8.600000     0.999098     0.000037     0.000000     0.000275     0.000283     0.000006     0.000000     0.000030     0.000027     0.000020     0.000000     0.000034     0.000000     0.000013     0.000004     0.000000     0.000013     0.000007     0.000000     0.000000     0.000000     0.000000     0.000000     0.000000     0.000000     0.000000     0.000001     0.000000     0.000002     0.000000     0.000000     0.000000     0.000000     0.000000     0.000000     0.000000     0.000000     0.000000     0.000000     0.000000     0.000010     0.000007     0.000000     0.000030     0.000019     0.000003     0.000000     0.000009     0.000006     0.000008     0.000000     0.000008     0.000000     0.000001     0.000002     0.000000     0.000006     0.000002     0.000000     0.000000     0.000000     0.000000     0.000000     0.000000     0.000000     0.000002     0.000005     0.000000     0.000022     0.000003     0.000000     0.000000     0.000000     0.000000     0.000000     0.000000     0.000000     0.000000     0.000000     0.000000     0.999996
    8.800000     0.999252     0.000030     0.000000     0.000233     0.000242     0.000005     0.000000     0.000025     0.000022     0.000017     0.000000     0.000028     0.000000     0.000011     0.000003     0.000000     0.000010     0.000006     0.000000     0.000000     0.000000     0.000000     0.000000     0.000000     0.000000     0.000000     0.000001     0.000000     0.000001     0.000000     0.000000     0.000000     0.000000     0.000000     0.000000     0.000000     0.000000     0.000000     0.000000     0.000000     0.000007     0.000005     0.000000     0.000023     0.000015     0.000002     0.000000     0.000007     0.000004     0.000006     0.000000     0.000006     0.000000     0.000001     0.000002     0.000000     0.000004     0.000002     0.000000     0.000000     0.000000     0.000000     0.000000     0.000000     0.000000     0.000001     0.000004     0.000000     0.000017     0.000002     0.000000     0.000000     0.000000     0.000000     0.000000     0.000000     0.000000     0.000000     0.000000     0.000000     0.999997
    9.000000     0.999379     0.000025     0.000000     0.000198     0.000207     0.000004     0.000000     0.000020     0.000018     0.000014     0.000000     0.000024     0.000000     0.000009     0.000002     0.000000     0.000008     0.000005     0.000000     0.000000     0.000000     0.000000     0.000000     0.000000     0.000000     0.000000     0.000001     0.000000     0.000001     0.000000     0.000000     0.000000     0.000000     0.000000     0.000000     0.000000     0.000000     0.000000     0.000000     0.000000     0.000005     0.000004     0.000000     0.000018     0.000012     0.000001     0.000000     0.000005     0.000003     0.000005     0.000000     0.000005     0.000000     0.000001     0.000001     0.000000     0.000003     0.000001     0.000000     0.000000     0.000000     0.000000     0.000000     0.000000     0.000000     0.000001     0.000003     0.000000     0.000012     0.000002     0.000000     0.000000     0.000000     0.000000     0.000000     0.000000     0.000000     0.000000     0.000000     0.000000     0.999997
    9.200000     0.999485     0.000020     0.000000     0.000168     0.000176     0.000003     0.000000     0.000016     0.000015     0.000011     0.000000     0.000020     0.000000     0.000008     0.000002     0.000000     0.000007     0.000004     0.000000     0.000000     0.000000     0.000000     0.000000     0.000000     0.000000     0.000000     0.000001     0.000000     0.000001     0.000000     0.000000     0.000000     0.000000     0.000000     0.000000     0.000000     0.000000     0.000000     0.000000     0.000000     0.000003     0.000003     0.000000     0.000013     0.000009     0.000001     0.000000     0.000004     0.000003     0.000004     0.000000     0.000004     0.000000     0.000001     0.000001     0.000000     0.000002     0.000001     0.000000     0.000000     0.000000     0.000000     0.000000     0.000000     0.000000     0.000001     0.000002     0.000000     0.000009     0.000001     0.000000     0.000000     0.000000     0.000000     0.000000     0.000000     0.000000     0.000000     0.000000     0.000000     0.999998
    9.400000     0.999572     0.000016     0.000000     0.000142     0.000150     0.000002     0.000000     0.000013     0.000012     0.000009     0.000000     0.000016     0.000000     0.000007     0.000001     0.000000     0.000005     0.000003     0.000000     0.000000     0.000000     0.000000     0.000000     0.000000     0.000000     0.000000     0.000000     0.000000     0.000001     0.000000     0.000000     0.000000     0.000000     0.000000     0.000000     0.000000     0.000000     0.000000     0.000000     0.000000     0.000002     0.000002     0.000000     0.000010     0.000007     0.000001     0.000000     0.000003     0.000002     0.000003     0.000000     0.000003     0.000000     0.000001     0.000001     0.000000     0.000002     0.000001     0.000000     0.000000     0.000000     0.000000     0.000000     0.000000     0.000000     0.000000     0.000002     0.000000     0.000007     0.000001     0.000000     0.000000     0.000000     0.000000     0.000000     0.000000     0.000000     0.000000     0.000000     0.000000     0.999998
    9.600000     0.999645     0.000013     0.000000     0.000120     0.000127     0.000002     0.000000     0.000011     0.000010     0.000008     0.000000     0.000013     0.000000     0.000005     0.000001     0.000000     0.000004     0.000003     0.000000     0.000000     0.000000     0.000000     0.000000     0.000000     0.000000     0.000000     0.000000     0.000000     0.000000     0.000000     0.000000     0.000000     0.000000     0.000000     0.000000     0.000000     0.000000     0.000000     0.000000     0.000000     0.000001     0.000001     0.000000     0.000008     0.000005     0.000000     0.000000     0.000002     0.000002     0.000002     0.000000     0.000003     0.000000     0.000001     0.000000     0.000000     0.000001     0.000001     0.000000     0.000000     0.000000     0.000000     0.000000     0.000000     0.000000     0.000000     0.000001     0.000000     0.000005     0.000001     0.000000     0.000000     0.000000     0.000000     0.000000     0.000000     0.000000     0.000000     0.000000     0.000000     0.999999
    9.800000     0.999705     0.000011     0.000000     0.000101     0.000108     0.000001     0.000000     0.000009     0.000008     0.000006     0.000000     0.000011     0.000000     0.000005     0.000001     0.000000     0.000003     0.000002     0.000000     0.000000     0.000000     0.000000     0.000000     0.000000     0.000000     0.000000     0.000000     0.000000     0.000000     0.000000     0.000000     0.000000     0.000000     0.000000     0.000000     0.000000     0.000000     0.000000     0.000000     0.000000     0.000001     0.000001     0.000000     0.000006     0.000004     0.000000     0.000000     0.000002     0.000001     0.000002     0.000000     0.000002     0.000000     0.000000     0.000000     0.000000     0.000001     0.000000     0.000000     0.000000     0.000000     0.000000     0.000000     0.000000     0.000000     0.000000     0.000001     0.000000     0.000004     0.000000     0.000000     0.000000     0.000000     0.000000     0.000000     0.000000     0.000000     0.000000     0.000000     0.000000     0.999999
   10.000000     0.999754     0.000009     0.000000     0.000086     0.000092     0.000001     0.000000     0.000007     0.000007     0.000005     0.000000     0.000009     0.000000     0.000004     0.000001     0.000000     0.000003     0.000002     0.000000     0.000000     0.000000     0.000000     0.000000     0.000000     0.000000     0.000000     0.000000     0.000000     0.000000     0.000000     0.000000     0.000000     0.000000     0.000000     0.000000     0.000000     0.000000     0.000000     0.000000     0.000000     0.000001     0.000001     0.000000     0.000004     0.000003     0.000000     0.000000     0.000001     0.000001     0.000001     0.000000     0.000002     0.000000     0.000000     0.000000     0.000000     0.000001     0.000000     0.000000     0.000000     0.000000     0.000000     0.000000     0.000000     0.000000     0.000000     0.000001     0.000000     0.000003     0.000000     0.000000     0.000000     0.000000     0.000000     0.000000     0.000000     0.000000     0.000000     0.000000     0.000000     0.999999
